0
0
0
0
0
0
0
0
0
0
0
0
0
0
0
0
0
0
0
0
0
0
0
0
0
0
0
0
0
0
0
0
1
0
0
0
0
0
0
0
0
0
0
0
0
0
0
0
0
0
0
0
0
0
0
0
0
0
0
0
0
0
0
0
-325
-29452
-1144
-21553
25496
32337
-9262
1225
27288
22024
12675
-16707
-4462
9480
-28690
-21201
-30425
-32390
-17313
-14533
14562
-11396
-13897
-13340
1524
4365
-3972
12451
4334
7085
-25776
-1439
-17878
1894
22313
18993
-1067
4156
13771
30816
-23638
-6092
-18354
-28232
-11029
21887
-31037
-5099
7713
-12950
4409
20639
31139
-10716
-19028
-5309
-15607
32392
11695
-14263
-30996
10341
-10793
10783
-27223
14084
-10198
27320
27912
-3877
25132
27913
24570
2234
-10682
-9065
24271
-12330
22421
-26089
25999
1915
9838
-17010
-7827
-22953
798
-30854
-11928
-21853
13233
29678
404
16275
-10038
25518
